  'Name des Schiffes: Mariner'

  160.93,7.915,21,0.,7.744

  -79.04  -71.125  -63.21  -55.295  -47.38  -39.465  -31.55
  -23.635  -15.72  -7.805  0.11  8.025  15.94  23.855
  31.77  39.685  47.6  55.515  63.43  71.345  79.26  

  8.03  7.97  7.91  7.85  7.79  7.735  7.68  7.62  7.56
  7.50  7.44  7.38  7.32  7.26  7.20  7.145  7.09  7.03
  6.97  6.91  6.85

  3.50  7.95  12.55  16.95  19.85  22.05  22.90  23.17  23.17  
  23.17  23.17  23.17  23.17  22.80  19.85  17.10  13.14  9.10
  5.50  2.50  1.30

  15.0  42.8  63.4  82.9  105.6  130.1  151.3  161.2  167.1  
  168.6  168.8  165.8  158.6  143.2  123.0  98.6  75.5  52.8  
  34.8  19.8  7.9

  1,1

  0.2

  9

